						6	6	6	6	7	7	8	8	
						6	6	6	6	7	7	8	8	
						8	8	6	6	7	7	6	6	
						8	8	6	6	7	7	6	6	
						8	8	9	9	8	8	7	7	
						8	8	9	9	8	8	7	7	
						9	9	28	28	26	26	9	9	
						9	9	28	28	26	26	9	9	

12	12	12	12	5	5	23	23	23	23	12	12	23	23	7	7	8	8	
12	12	12	12	5	5	23	23	23	23	12	12	23	23	7	7	8	8	
11	11	14	14	10	10	27	27	30	30	24	24	10	10	9	9	9	9	
11	11	14	14	10	10	27	27	30	30	24	24	10	10	9	9	9	9	
12	12	11	11	12	12	27	27	25	25	26	26	23	23	12	12	8	8	
12	12	11	11	12	12	27	27	25	25	26	26	23	23	12	12	8	8	
13	13	14	14	22	22	33	33	30	30	28	28	29	29	9	9	12	12	
13	13	14	14	22	22	33	33	30	30	28	28	29	29	9	9	12	12	
12	12	24	24	12	12	27	27	30	30	28	28	20	20	7	7	12	12	
12	12	24	24	12	12	27	27	30	30	28	28	20	20	7	7	12	12	
14      	19      	10      	33      	28      	30      	10      	7

13      	13      	14      	30      	27      	27      	22      	12

14      	13      	14      	27      	27      	24      	7       	10

11      	11      	21      	22      	25      	27      	11      	9

12      	8       	10      	25      	21      	26      	3       	10

				13      13      29      29      29      29      16      16
				13      13      29      29      29      29      16      16
				22      22      19      19      18      18      9       9
				22      22      19      19      18      18      9       9
				7       7       11      11      0       0       9       9
				7       7       11      11      0       0       9       9











						7	7	5	5	4	4	4	4	
						7	7	5	5	4	4	4	4	
						4	4	4	4	3	3	5	5	
						4	4	4	4	3	3	5	5	
						4	4	4	4	2	2	4	4	
						4	4	4	4	2	2	4	4	
						5	5	3	3	4	4	5	5	
						5	5	3	3	4	4	5	5	
						2	2	2	2	2	2	4	4	
						2	2	2	2	2	2	4	4	
