29	29	31	31	27	27	24	24	29	29	26	26	26	26	26	26	0	0	0	0	24	29	29	31	31	27	27	24	24	29	29	26	26	26	26	26	26	0	0	0	0	24	33	33	31	31	26	26	26	26	26	26	24	24	26	26	26	26	22	22	22	22	23	33	33	31	31	26	26	26	26	26	26	24	24	26	26	26	26	22	
22	22	23	30	30	33	33	30	30	27	27	26	26	20	20	28	28	25	25	25	25	25	8	0	0	0	0	0	0	0	0	0	0	0	0	0	0	0	0	0	0	0	0	0	0	0	0	0	0	0	0	0	0	0	0	0	0	0	0	0	0	0	0	0	0	0	0	0	0	0	0	0	0	0	0	0	0	0	0	0	
0	0	0	0	0	0	0	0	0	0	0	0	0	0	0	0	0	0	0	0	0	0	0	0	0	0	0	0	0	0	0	0	0	0	0	0	0	0	0	0	0	0	0	0	0	0	0	0	0	0	0	0	0	0	0	0	0	0	0	0	0	0	0	0	0	0	0	0	0	0	0	0	0	0	0	0	0	0	0	0	
0	0	0	0	0	0	0	0	0	0	0	0	0	0	0	0	0	0	0	0	0	0	0	0	0	0	0	0	0	0	0	0	0	0	0	0	0	0	0	0	0	0	0	0	0	0	0	0	0	0	0	0	0	0	0	0	0	0	0	0	0	0	0	0	0	0	0	0	0	0	0	0	0	0	0	0	0	0	0	0	
0	0	0	0	0	0	0	0	0	0	0	0	0	0	0	0	0	0	0	0	0	0	0	0	0	0	0	0	0	0	0	0	0	0	0	0	0	0	0	0	0	0	0	0	0	0	0	0	0	0	0	0	0	0	0	0	0	0	0	0	0	0	0	0	0	0	0	0	0	0	0	0	0	0	0	0	0	0	0	0	
0	0	0	0	0	0	0	0	0	0	0	0	0	0	0	0	0	0	0	0	0	0	0	0	0	0	0	0	0	0	0	0	0	0	0	0	0	0	0	0	0	0	0	0	0	0	0	0	0	0	0	0	0	0	0	0	0	0	0	0	0	0	0	0	0	0	0	0	0	0	0	0	0	0	0	0	0	0	0	0	
0	0	0	0	0	0	0	0	0	0	0	0	0	0	0	0	0	0	0	0	0	0	0	0	0	0	0	0	0	0	0	0	0	0	0	0	0	0	0	0	0	0	0	0	0	0	0	0	0	0	0	0	0	0	0	0	0	0	0	0	0	0	0	0	0	0	0	0	0	0	0	0	0	0	0	0	0	0	0	0	
0	0	0	0	0	0	0	0	0	0	0	0	0	0	0	0	0	0	0	0	0	0	0	0	0	0	0	0	0	0	0	0	0	0	0	0	0	0	0	0	0	0	0	0	0	0	0	0	0	0	0	0	0	0	0	0	0	0	0	0	0	0	0	0	
40.000000, 5.000000
40.000000, 5.500000
40.000000, 6.000000
40.000000, 6.500000
40.000000, 7.000000
40.000000, 7.500000
40.000000, 8.000000
40.000000, 8.500000
40.000000, 9.000000
40.000000, 9.500000
40.000000, 10.000000
40.000000, 10.500000
40.000000, 11.000000
40.000000, 11.500000
40.000000, 12.000000
40.000000, 12.500000
40.000000, 13.000000
40.000000, 13.500000
40.000000, 14.000000
40.000000, 14.500000
40.000000, 15.000000
40.500000, 5.000000
40.500000, 5.500000
40.500000, 6.000000
40.500000, 6.500000
40.500000, 7.000000
40.500000, 7.500000
40.500000, 8.000000
40.500000, 8.500000
40.500000, 9.000000
40.500000, 9.500000
40.500000, 10.000000
40.500000, 10.500000
40.500000, 11.000000
40.500000, 11.500000
40.500000, 12.000000
40.500000, 12.500000
40.500000, 13.000000
40.500000, 13.500000
40.500000, 14.000000
40.500000, 14.500000
40.500000, 15.000000
41.000000, 5.000000
41.000000, 5.500000
41.000000, 6.000000
41.000000, 6.500000
41.000000, 7.000000
41.000000, 7.500000
41.000000, 8.000000
41.000000, 8.500000
41.000000, 9.000000
41.000000, 9.500000
41.000000, 10.000000
41.000000, 10.500000
41.000000, 11.000000
41.000000, 11.500000
41.000000, 12.000000
41.000000, 12.500000
41.000000, 13.000000
41.000000, 13.500000
41.000000, 14.000000
41.000000, 14.500000
41.000000, 15.000000
41.500000, 5.000000
41.500000, 5.500000
41.500000, 6.000000
41.500000, 6.500000
41.500000, 7.000000
41.500000, 7.500000
41.500000, 8.000000
41.500000, 8.500000
41.500000, 9.000000
41.500000, 9.500000
41.500000, 10.000000
41.500000, 10.500000
41.500000, 11.000000
41.500000, 11.500000
41.500000, 12.000000
41.500000, 12.500000
41.500000, 13.000000
41.500000, 13.500000
41.500000, 14.000000
41.500000, 14.500000
41.500000, 15.000000
42.000000, 5.000000
42.000000, 5.500000
42.000000, 6.000000
42.000000, 6.500000
42.000000, 7.000000
42.000000, 7.500000
42.000000, 8.000000
42.000000, 8.500000
42.000000, 9.000000
42.000000, 9.500000
42.000000, 10.000000
42.000000, 10.500000
42.000000, 11.000000
42.000000, 11.500000
42.000000, 12.000000
42.000000, 12.500000
42.000000, 13.000000
42.000000, 13.500000
42.000000, 14.000000
42.000000, 14.500000
42.000000, 15.000000
42.500000, 5.000000
42.500000, 5.500000
42.500000, 6.000000
42.500000, 6.500000
42.500000, 7.000000
42.500000, 7.500000
42.500000, 8.000000
42.500000, 8.500000
42.500000, 9.000000
42.500000, 9.500000
42.500000, 10.000000
42.500000, 10.500000
42.500000, 11.000000
42.500000, 11.500000
42.500000, 12.000000
42.500000, 12.500000
42.500000, 13.000000
42.500000, 13.500000
42.500000, 14.000000
42.500000, 14.500000
42.500000, 15.000000
43.000000, 5.000000
43.000000, 5.500000
43.000000, 6.000000
43.000000, 6.500000
43.000000, 7.000000
43.000000, 7.500000
43.000000, 8.000000
43.000000, 8.500000
43.000000, 9.000000
43.000000, 9.500000
43.000000, 10.000000
43.000000, 10.500000
43.000000, 11.000000
43.000000, 11.500000
43.000000, 12.000000
43.000000, 12.500000
43.000000, 13.000000
43.000000, 13.500000
43.000000, 14.000000
43.000000, 14.500000
43.000000, 15.000000
43.500000, 5.000000
43.500000, 5.500000
43.500000, 6.000000
43.500000, 6.500000
43.500000, 7.000000
43.500000, 7.500000
43.500000, 8.000000
43.500000, 8.500000
43.500000, 9.000000
43.500000, 9.500000
43.500000, 10.000000
43.500000, 10.500000
43.500000, 11.000000
43.500000, 11.500000
43.500000, 12.000000
43.500000, 12.500000
43.500000, 13.000000
43.500000, 13.500000
43.500000, 14.000000
43.500000, 14.500000
43.500000, 15.000000
44.000000, 5.000000
44.000000, 5.500000
44.000000, 6.000000
44.000000, 6.500000
44.000000, 7.000000
44.000000, 7.500000
44.000000, 8.000000
44.000000, 8.500000
44.000000, 9.000000
44.000000, 9.500000
44.000000, 10.000000
44.000000, 10.500000
44.000000, 11.000000
44.000000, 11.500000
44.000000, 12.000000
44.000000, 12.500000
44.000000, 13.000000
44.000000, 13.500000
44.000000, 14.000000
44.000000, 14.500000
44.000000, 15.000000
44.500000, 5.000000
44.500000, 5.500000
44.500000, 6.000000
44.500000, 6.500000
44.500000, 7.000000
44.500000, 7.500000
44.500000, 8.000000
44.500000, 8.500000
44.500000, 9.000000
44.500000, 9.500000
44.500000, 10.000000
44.500000, 10.500000
44.500000, 11.000000
44.500000, 11.500000
44.500000, 12.000000
44.500000, 12.500000
44.500000, 13.000000
44.500000, 13.500000
44.500000, 14.000000
44.500000, 14.500000
44.500000, 15.000000
45.000000, 5.000000
45.000000, 5.500000
45.000000, 6.000000
45.000000, 6.500000
45.000000, 7.000000
45.000000, 7.500000
45.000000, 8.000000
45.000000, 8.500000
45.000000, 9.000000
45.000000, 9.500000
45.000000, 10.000000
45.000000, 10.500000
45.000000, 11.000000
45.000000, 11.500000
45.000000, 12.000000
45.000000, 12.500000
45.000000, 13.000000
45.000000, 13.500000
45.000000, 14.000000
45.000000, 14.500000
45.000000, 15.000000
45.500000, 5.000000
45.500000, 5.500000
45.500000, 6.000000
45.500000, 6.500000
45.500000, 7.000000
45.500000, 7.500000
45.500000, 8.000000
45.500000, 8.500000
45.500000, 9.000000
45.500000, 9.500000
45.500000, 10.000000
45.500000, 10.500000
45.500000, 11.000000
45.500000, 11.500000
45.500000, 12.000000
45.500000, 12.500000
45.500000, 13.000000
45.500000, 13.500000
45.500000, 14.000000
45.500000, 14.500000
45.500000, 15.000000
46.000000, 5.000000
46.000000, 5.500000
46.000000, 6.000000
46.000000, 6.500000
46.000000, 7.000000
46.000000, 7.500000
46.000000, 8.000000
46.000000, 8.500000
46.000000, 9.000000
46.000000, 9.500000
46.000000, 10.000000
46.000000, 10.500000
46.000000, 11.000000
46.000000, 11.500000
46.000000, 12.000000
46.000000, 12.500000
46.000000, 13.000000
46.000000, 13.500000
46.000000, 14.000000
46.000000, 14.500000
46.000000, 15.000000
46.500000, 5.000000
46.500000, 5.500000
46.500000, 6.000000
46.500000, 6.500000
46.500000, 7.000000
46.500000, 7.500000
46.500000, 8.000000
46.500000, 8.500000
46.500000, 9.000000
46.500000, 9.500000
46.500000, 10.000000
46.500000, 10.500000
46.500000, 11.000000
46.500000, 11.500000
46.500000, 12.000000
46.500000, 12.500000
46.500000, 13.000000
46.500000, 13.500000
46.500000, 14.000000
46.500000, 14.500000
46.500000, 15.000000
47.000000, 5.000000
47.000000, 5.500000
47.000000, 6.000000
47.000000, 6.500000
47.000000, 7.000000
47.000000, 7.500000
47.000000, 8.000000
47.000000, 8.500000
47.000000, 9.000000
47.000000, 9.500000
47.000000, 10.000000
47.000000, 10.500000
47.000000, 11.000000
47.000000, 11.500000
47.000000, 12.000000
47.000000, 12.500000
47.000000, 13.000000
47.000000, 13.500000
47.000000, 14.000000
47.000000, 14.500000
47.000000, 15.000000
47.500000, 5.000000
47.500000, 5.500000
47.500000, 6.000000
47.500000, 6.500000
47.500000, 7.000000
47.500000, 7.500000
47.500000, 8.000000
47.500000, 8.500000
47.500000, 9.000000
47.500000, 9.500000
47.500000, 10.000000
47.500000, 10.500000
47.500000, 11.000000
47.500000, 11.500000
47.500000, 12.000000
47.500000, 12.500000
47.500000, 13.000000
47.500000, 13.500000
47.500000, 14.000000
47.500000, 14.500000
47.500000, 15.000000
48.000000, 5.000000
48.000000, 5.500000
48.000000, 6.000000
48.000000, 6.500000
48.000000, 7.000000
48.000000, 7.500000
48.000000, 8.000000
48.000000, 8.500000
48.000000, 9.000000
48.000000, 9.500000
48.000000, 10.000000
48.000000, 10.500000
48.000000, 11.000000
48.000000, 11.500000
48.000000, 12.000000
48.000000, 12.500000
48.000000, 13.000000
48.000000, 13.500000
48.000000, 14.000000
48.000000, 14.500000
48.000000, 15.000000
48.500000, 5.000000
48.500000, 5.500000
48.500000, 6.000000
48.500000, 6.500000
48.500000, 7.000000
48.500000, 7.500000
48.500000, 8.000000
48.500000, 8.500000
48.500000, 9.000000
48.500000, 9.500000
48.500000, 10.000000
48.500000, 10.500000
48.500000, 11.000000
48.500000, 11.500000
48.500000, 12.000000
48.500000, 12.500000
48.500000, 13.000000
48.500000, 13.500000
48.500000, 14.000000
48.500000, 14.500000
48.500000, 15.000000
49.000000, 5.000000
49.000000, 5.500000
49.000000, 6.000000
49.000000, 6.500000
49.000000, 7.000000
49.000000, 7.500000
49.000000, 8.000000
49.000000, 8.500000
49.000000, 9.000000
49.000000, 9.500000
49.000000, 10.000000
49.000000, 10.500000
49.000000, 11.000000
49.000000, 11.500000
49.000000, 12.000000
49.000000, 12.500000
49.000000, 13.000000
49.000000, 13.500000
49.000000, 14.000000
49.000000, 14.500000
49.000000, 15.000000
49.500000, 5.000000
49.500000, 5.500000
49.500000, 6.000000
49.500000, 6.500000
49.500000, 7.000000
49.500000, 7.500000
49.500000, 8.000000
49.500000, 8.500000
49.500000, 9.000000
49.500000, 9.500000
49.500000, 10.000000
49.500000, 10.500000
49.500000, 11.000000
49.500000, 11.500000
49.500000, 12.000000
49.500000, 12.500000
49.500000, 13.000000
49.500000, 13.500000
49.500000, 14.000000
49.500000, 14.500000
49.500000, 15.000000
50.000000, 5.000000
50.000000, 5.500000
50.000000, 6.000000
50.000000, 6.500000
50.000000, 7.000000
50.000000, 7.500000
50.000000, 8.000000
50.000000, 8.500000
50.000000, 9.000000
50.000000, 9.500000
50.000000, 10.000000
50.000000, 10.500000
50.000000, 11.000000
50.000000, 11.500000
50.000000, 12.000000
50.000000, 12.500000
50.000000, 13.000000
50.000000, 13.500000
50.000000, 14.000000
50.000000, 14.500000
50.000000, 15.000000
50.500000, 5.000000
50.500000, 5.500000
50.500000, 6.000000
50.500000, 6.500000
50.500000, 7.000000
50.500000, 7.500000
50.500000, 8.000000
50.500000, 8.500000
50.500000, 9.000000
50.500000, 9.500000
50.500000, 10.000000
50.500000, 10.500000
50.500000, 11.000000
50.500000, 11.500000
50.500000, 12.000000
50.500000, 12.500000
50.500000, 13.000000
50.500000, 13.500000
50.500000, 14.000000
50.500000, 14.500000
50.500000, 15.000000
51.000000, 5.000000
51.000000, 5.500000
51.000000, 6.000000
51.000000, 6.500000
51.000000, 7.000000
51.000000, 7.500000
51.000000, 8.000000
51.000000, 8.500000
51.000000, 9.000000
51.000000, 9.500000
51.000000, 10.000000
51.000000, 10.500000
51.000000, 11.000000
51.000000, 11.500000
51.000000, 12.000000
51.000000, 12.500000
51.000000, 13.000000
51.000000, 13.500000
51.000000, 14.000000
51.000000, 14.500000
51.000000, 15.000000
51.500000, 5.000000
51.500000, 5.500000
51.500000, 6.000000
51.500000, 6.500000
51.500000, 7.000000
51.500000, 7.500000
51.500000, 8.000000
51.500000, 8.500000
51.500000, 9.000000
51.500000, 9.500000
51.500000, 10.000000
51.500000, 10.500000
51.500000, 11.000000
51.500000, 11.500000
51.500000, 12.000000
51.500000, 12.500000
51.500000, 13.000000
51.500000, 13.500000
51.500000, 14.000000
51.500000, 14.500000
51.500000, 15.000000
52.000000, 5.000000
52.000000, 5.500000
52.000000, 6.000000
52.000000, 6.500000
52.000000, 7.000000
52.000000, 7.500000
52.000000, 8.000000
52.000000, 8.500000
52.000000, 9.000000
52.000000, 9.500000
52.000000, 10.000000
52.000000, 10.500000
52.000000, 11.000000
52.000000, 11.500000
52.000000, 12.000000
52.000000, 12.500000
52.000000, 13.000000
52.000000, 13.500000
52.000000, 14.000000
52.000000, 14.500000
52.000000, 15.000000
52.500000, 5.000000
52.500000, 5.500000
52.500000, 6.000000
52.500000, 6.500000
52.500000, 7.000000
52.500000, 7.500000
52.500000, 8.000000
52.500000, 8.500000
52.500000, 9.000000
52.500000, 9.500000
52.500000, 10.000000
52.500000, 10.500000
52.500000, 11.000000
52.500000, 11.500000
52.500000, 12.000000
52.500000, 12.500000
52.500000, 13.000000
52.500000, 13.500000
52.500000, 14.000000
52.500000, 14.500000
52.500000, 15.000000
53.000000, 5.000000
53.000000, 5.500000
53.000000, 6.000000
53.000000, 6.500000
53.000000, 7.000000
53.000000, 7.500000
53.000000, 8.000000
53.000000, 8.500000
53.000000, 9.000000
53.000000, 9.500000
53.000000, 10.000000
53.000000, 10.500000
53.000000, 11.000000
53.000000, 11.500000
53.000000, 12.000000
53.000000, 12.500000
53.000000, 13.000000
53.000000, 13.500000
53.000000, 14.000000
53.000000, 14.500000
53.000000, 15.000000
53.500000, 5.000000
53.500000, 5.500000
53.500000, 6.000000
53.500000, 6.500000
53.500000, 7.000000
53.500000, 7.500000
53.500000, 8.000000
53.500000, 8.500000
53.500000, 9.000000
53.500000, 9.500000
53.500000, 10.000000
53.500000, 10.500000
53.500000, 11.000000
53.500000, 11.500000
53.500000, 12.000000
53.500000, 12.500000
53.500000, 13.000000
53.500000, 13.500000
53.500000, 14.000000
53.500000, 14.500000
53.500000, 15.000000
54.000000, 5.000000
54.000000, 5.500000
54.000000, 6.000000
54.000000, 6.500000
54.000000, 7.000000
54.000000, 7.500000
54.000000, 8.000000
54.000000, 8.500000
54.000000, 9.000000
54.000000, 9.500000
54.000000, 10.000000
54.000000, 10.500000
54.000000, 11.000000
54.000000, 11.500000
54.000000, 12.000000
54.000000, 12.500000
54.000000, 13.000000
54.000000, 13.500000
54.000000, 14.000000
54.000000, 14.500000
54.000000, 15.000000
54.500000, 5.000000
54.500000, 5.500000
54.500000, 6.000000
54.500000, 6.500000
54.500000, 7.000000
54.500000, 7.500000
54.500000, 8.000000
54.500000, 8.500000
54.500000, 9.000000
54.500000, 9.500000
54.500000, 10.000000
54.500000, 10.500000
54.500000, 11.000000
54.500000, 11.500000
54.500000, 12.000000
54.500000, 12.500000
54.500000, 13.000000
54.500000, 13.500000
54.500000, 14.000000
54.500000, 14.500000
54.500000, 15.000000
55.000000, 5.000000
