(2.013639, -0.033183)	 (2.009551, -0.040709)	 (2.005463, -0.048234)	 (2.003344, -0.032703)	 (2.001224, -0.017173)	 (1.999553, -0.011341)	 (1.997882, -0.005509)	 (1.998488, -0.003816)	 (1.999094, -0.002123)	 (1.999666, -0.001691)	 
(2.017013, -0.048707)	 (2.007229, -0.056687)	 (1.997445, -0.064667)	 (1.994904, -0.047158)	 (1.992362, -0.029649)	 (1.993151, -0.018531)	 (1.993940, -0.007413)	 (1.992004, -0.008391)	 (1.990069, -0.009368)	 (1.994693, -0.003725)	 
(2.020387, -0.064232)	 (2.004906, -0.072666)	 (1.989426, -0.081101)	 (1.986464, -0.061613)	 (1.983501, -0.042125)	 (1.986749, -0.025721)	 (1.989997, -0.009317)	 (1.985520, -0.012966)	 (1.981044, -0.016614)	 (1.989721, -0.005758)	 
(2.026145, -0.075400)	 (2.007165, -0.087302)	 (1.988186, -0.099205)	 (1.977626, -0.086104)	 (1.967065, -0.073002)	 (1.971508, -0.054589)	 (1.975951, -0.036176)	 (1.976641, -0.045654)	 (1.977330, -0.055131)	 (1.985767, -0.034110)	 
(2.031902, -0.086567)	 (2.009425, -0.101939)	 (1.986947, -0.117310)	 (1.968787, -0.110595)	 (1.950628, -0.103880)	 (1.956267, -0.083457)	 (1.961906, -0.063035)	 (1.967761, -0.078342)	 (1.973616, -0.093649)	 (1.981812, -0.062461)	 
(2.047061, -0.090725)	 (1.520267, -0.074690)	 (0.993473, -0.058655)	 (1.472920, -0.095520)	 (1.952366, -0.132386)	 (1.954317, -0.119495)	 (1.956268, -0.106604)	 (1.972366, -0.126126)	 (1.988465, -0.145648)	 (1.993279, -0.119477)	 
(2.062219, -0.094883)	 (1.031110, -0.047442)	 (0.000000, 0.000000)	 (0.977052, -0.080446)	 (1.954105, -0.160892)	 (1.952367, -0.155532)	 (1.950629, -0.150173)	 (1.976971, -0.173910)	 (2.003314, -0.197647)	 (2.004745, -0.176493)	 
(2.104466, -0.105452)	 (1.557824, -0.092355)	 (1.011183, -0.079257)	 (1.493439, -0.129314)	 (1.975695, -0.179370)	 (1.972221, -0.177065)	 (1.968747, -0.174759)	 (2.004668, -0.178211)	 (2.040588, -0.181663)	 (2.040791, -0.181447)	 
(2.146713, -0.116021)	 (2.084539, -0.137268)	 (2.022366, -0.158515)	 (2.009826, -0.178181)	 (1.997286, -0.197848)	 (1.992076, -0.198597)	 (1.986865, -0.199346)	 (2.032364, -0.182512)	 (2.077863, -0.165678)	 (2.076838, -0.186400)	 
(2.181946, -0.196113)	 (2.126261, -0.226620)	 (2.070575, -0.257127)	 (2.047628, -0.237890)	 (2.024681, -0.218653)	 (2.028428, -0.177988)	 (2.032175, -0.137322)	 (2.077196, -0.107765)	 (2.122218, -0.078208)	 (2.123232, -0.104683)	 
(2.217180, -0.276204)	 (2.167982, -0.315972)	 (2.118785, -0.355739)	 (2.085430, -0.297599)	 (2.052076, -0.239458)	 (2.064781, -0.157378)	 (2.077485, -0.075298)	 (2.122029, -0.033018)	 (2.166572, 0.009262)	 (2.169627, -0.022966)	 
(2.266035, -0.260977)	 (2.220446, -0.330943)	 (2.174858, -0.400910)	 (2.136468, -0.342449)	 (2.098079, -0.283989)	 (2.100650, -0.130616)	 (2.103221, 0.022757)	 (2.156748, 0.101630)	 (2.210275, 0.180502)	 (2.231431, 0.150366)	 
(2.314890, -0.245750)	 (2.272910, -0.345915)	 (2.230931, -0.446080)	 (2.187507, -0.387300)	 (2.144082, -0.328519)	 (2.136519, -0.103853)	 (2.128957, 0.120813)	 (2.191468, 0.236278)	 (2.253979, 0.351743)	 (2.293235, 0.323697)	 
(2.488366, -0.370070)	 (2.442175, -0.433422)	 (2.395985, -0.496773)	 (2.421783, -0.446853)	 (2.447582, -0.396933)	 (2.134567, -0.015555)	 (1.821552, 0.365822)	 (2.117044, 0.558077)	 (2.412536, 0.750332)	 (2.491351, 0.635369)	 
(2.661843, -0.494391)	 (2.611441, -0.520928)	 (2.561038, -0.547465)	 (2.656060, -0.506406)	 (2.751083, -0.465346)	 (2.132615, 0.072742)	 (1.514147, 0.610831)	 (2.042620, 0.879876)	 (2.571093, 1.148921)	 (2.689467, 0.947040)	 
(2.670203, -0.081756)	 (2.750733, -0.270946)	 (2.831262, -0.460136)	 (2.738383, -0.334323)	 (2.645504, -0.208511)	 (1.986662, 0.145501)	 (1.327819, 0.499512)	 (1.893143, 0.999513)	 (2.458466, 1.499514)	 (2.965735, 1.338861)	 
(2.678563, 0.330878)	 (2.890025, -0.020964)	 (3.101487, -0.372806)	 (2.820706, -0.162241)	 (2.539926, 0.048325)	 (1.840709, 0.218259)	 (1.141492, 0.388193)	 (1.743666, 1.119150)	 (2.345840, 1.850108)	 (3.242002, 1.730682)	 
(2.873412, 0.357474)	 (3.057302, 0.325852)	 (3.241192, 0.294230)	 (2.255577, 0.159196)	 (1.269963, 0.024162)	 (0.920354, 0.109129)	 (0.570746, 0.194096)	 (1.628574, 0.470421)	 (2.686402, 0.746747)	 (3.362420, 1.095687)	 
(3.068261, 0.384070)	 (3.224579, 0.672667)	 (3.380897, 0.961265)	 (1.690449, 0.480633)	 (0.000000, 0.000000)	 (0.000000, 0.000000)	 (0.000000, 0.000000)	 (1.513481, -0.178307)	 (3.026963, -0.356614)	 (3.482839, 0.460692)	 
(2.361321, 0.034325)	 (2.748747, 0.361783)	 (3.136172, 0.689241)	 (2.298389, 0.580104)	 (1.460605, 0.470966)	 (1.231583, 0.147084)	 (1.002561, -0.176797)	 (1.258021, -0.177552)	 (1.513481, -0.178307)	 (2.438742, 0.175672)	 
(0.000000, 0.000000)	 