5	5	5	5	6	6	9	9	9	9	
5	5	5	5	6	6	9	9	9	9	
4	4	4	4	7	7	8	8	8	8	
4	4	4	4	7	7	8	8	8	8	
4	4	4	4	8	8	8	8	9	9	
4	4	4	4	8	8	8	8	9	9	
5	5	6	6	8	8	8	8	9	9	
5	5	6	6	8	8	8	8	9	9	
5	5	4	4	8	8	5	5	5	5	
5	5	4	4	8	8	5	5	5	5	
1	1	20	20	3	3	21	21	20	20	
1	1	20	20	3	3	21	21	20	20	
32	32	1	1	30	30	19	19	22	22	
32	32	1	1	30	30	19	19	22	22	
2	2	1	1	21	21	22	22	5	5	
2	2	1	1	21	21	22	22	5	5	
31	31	28	28	25	25	22	22	2	2	
31	31	28	28	25	25	22	22	2	2	
0	0	32	32	27	27	29	29	18	18	
0	0	32	32	27	27	29	29	18	18	
21	
0.000000, 0.000000
0.000000, 0.500000
0.000000, 1.000000
0.000000, 1.500000
0.000000, 2.000000
0.000000, 2.500000
0.000000, 3.000000
0.000000, 3.500000
0.000000, 4.000000
0.000000, 4.500000
0.000000, 5.000000
0.500000, 0.000000
0.500000, 0.500000
0.500000, 1.000000
0.500000, 1.500000
0.500000, 2.000000
0.500000, 2.500000
0.500000, 3.000000
0.500000, 3.500000
0.500000, 4.000000
0.500000, 4.500000
0.500000, 5.000000
1.000000, 0.000000
1.000000, 0.500000
1.000000, 1.000000
1.000000, 1.500000
1.000000, 2.000000
1.000000, 2.500000
1.000000, 3.000000
1.000000, 3.500000
1.000000, 4.000000
1.000000, 4.500000
1.000000, 5.000000
1.500000, 0.000000
1.500000, 0.500000
1.500000, 1.000000
1.500000, 1.500000
1.500000, 2.000000
1.500000, 2.500000
1.500000, 3.000000
1.500000, 3.500000
1.500000, 4.000000
1.500000, 4.500000
1.500000, 5.000000
2.000000, 0.000000
2.000000, 0.500000
2.000000, 1.000000
2.000000, 1.500000
2.000000, 2.000000
2.000000, 2.500000
2.000000, 3.000000
2.000000, 3.500000
2.000000, 4.000000
2.000000, 4.500000
2.000000, 5.000000
2.500000, 0.000000
2.500000, 0.500000
2.500000, 1.000000
2.500000, 1.500000
2.500000, 2.000000
2.500000, 2.500000
2.500000, 3.000000
2.500000, 3.500000
2.500000, 4.000000
2.500000, 4.500000
2.500000, 5.000000
3.000000, 0.000000
3.000000, 0.500000
3.000000, 1.000000
3.000000, 1.500000
3.000000, 2.000000
3.000000, 2.500000
3.000000, 3.000000
3.000000, 3.500000
3.000000, 4.000000
3.000000, 4.500000
3.000000, 5.000000
3.500000, 0.000000
3.500000, 0.500000
3.500000, 1.000000
3.500000, 1.500000
3.500000, 2.000000
3.500000, 2.500000
3.500000, 3.000000
3.500000, 3.500000
3.500000, 4.000000
3.500000, 4.500000
3.500000, 5.000000
4.000000, 0.000000
4.000000, 0.500000
4.000000, 1.000000
4.000000, 1.500000
4.000000, 2.000000
4.000000, 2.500000
4.000000, 3.000000
4.000000, 3.500000
4.000000, 4.000000
4.000000, 4.500000
4.000000, 5.000000
4.500000, 0.000000
4.500000, 0.500000
4.500000, 1.000000
4.500000, 1.500000
4.500000, 2.000000
4.500000, 2.500000
4.500000, 3.000000
4.500000, 3.500000
4.500000, 4.000000
4.500000, 4.500000
4.500000, 5.000000
5.000000, 0.000000
5.000000, 0.500000
5.000000, 1.000000
5.000000, 1.500000
5.000000, 2.000000
5.000000, 2.500000
5.000000, 3.000000
5.000000, 3.500000
5.000000, 4.000000
5.000000, 4.500000
5.000000, 5.000000
5.500000, 0.000000
5.500000, 0.500000
5.500000, 1.000000
5.500000, 1.500000
5.500000, 2.000000
5.500000, 2.500000
5.500000, 3.000000
5.500000, 3.500000
5.500000, 4.000000
5.500000, 4.500000
5.500000, 5.000000
6.000000, 0.000000
6.000000, 0.500000
6.000000, 1.000000
6.000000, 1.500000
6.000000, 2.000000
6.000000, 2.500000
6.000000, 3.000000
6.000000, 3.500000
6.000000, 4.000000
6.000000, 4.500000
6.000000, 5.000000
6.500000, 0.000000
6.500000, 0.500000
6.500000, 1.000000
6.500000, 1.500000
6.500000, 2.000000
6.500000, 2.500000
6.500000, 3.000000
6.500000, 3.500000
6.500000, 4.000000
6.500000, 4.500000
6.500000, 5.000000
7.000000, 0.000000
7.000000, 0.500000
7.000000, 1.000000
7.000000, 1.500000
7.000000, 2.000000
7.000000, 2.500000
7.000000, 3.000000
7.000000, 3.500000
7.000000, 4.000000
7.000000, 4.500000
7.000000, 5.000000
7.500000, 0.000000
7.500000, 0.500000
7.500000, 1.000000
7.500000, 1.500000
7.500000, 2.000000
7.500000, 2.500000
7.500000, 3.000000
7.500000, 3.500000
7.500000, 4.000000
7.500000, 4.500000
7.500000, 5.000000
8.000000, 0.000000
8.000000, 0.500000
8.000000, 1.000000
8.000000, 1.500000
8.000000, 2.000000
8.000000, 2.500000
8.000000, 3.000000
8.000000, 3.500000
8.000000, 4.000000
8.000000, 4.500000
8.000000, 5.000000
8.500000, 0.000000
8.500000, 0.500000
8.500000, 1.000000
8.500000, 1.500000
8.500000, 2.000000
8.500000, 2.500000
8.500000, 3.000000
8.500000, 3.500000
8.500000, 4.000000
8.500000, 4.500000
8.500000, 5.000000
9.000000, 0.000000
9.000000, 0.500000
9.000000, 1.000000
9.000000, 1.500000
9.000000, 2.000000
9.000000, 2.500000
9.000000, 3.000000
9.000000, 3.500000
9.000000, 4.000000
9.000000, 4.500000
9.000000, 5.000000
9.500000, 0.000000
9.500000, 0.500000
9.500000, 1.000000
9.500000, 1.500000
9.500000, 2.000000
9.500000, 2.500000
9.500000, 3.000000
9.500000, 3.500000
9.500000, 4.000000
9.500000, 4.500000
9.500000, 5.000000
10.000000, 0.000000
